45 497 15 6
20 33 9
10 34 6
25 30 7
22 42 4
3 6 4
6 18 6
25 32 4
29 35 1
5 18 2
20 39 0
24 26 7
8 28 9
5 38 4
3 29 7
0 44 3
7 8 8
5 6 4
11 15 7
14 17 3
12 15 2
8 19 2
5 31 2
16 33 1
12 42 3
4 37 7
41 44 9
10 37 8
9 36 5
27 29 2
5 36 1
22 30 4
1 12 8
43 44 1
17 33 4
3 13 8
11 23 1
6 43 7
0 21 7
22 23 0
11 43 4
0 30 0
7 25 2
5 14 7
36 40 5
33 39 7
31 32 5
13 36 8
8 13 9
36 39 3
3 27 4
12 16 5
10 27 6
36 37 9
28 38 9
11 34 8
0 19 9
0 12 9
38 41 2
19 32 5
1 33 3
13 26 1
32 44 8
20 36 1
2 44 3
10 18 2
5 16 4
6 37 8
37 39 2
5 20 6
8 34 9
19 25 8
9 41 5
17 37 1
34 44 0
3 4 9
9 44 6
25 28 1
1 13 1
33 38 8
11 39 3
27 38 4
11 31 2
8 35 6
14 40 8
34 35 2
30 44 9
10 30 4
1 29 4
0 29 9
19 20 9
8 17 2
29 44 9
5 7 5
4 21 1
39 43 6
4 7 6
5 23 5
10 15 1
19 27 7
16 41 9
12 32 9
25 41 2
7 13 7
8 32 8
20 26 1
6 26 6
10 19 6
19 24 6
4 35 5
35 41 0
0 25 5
4 23 6
2 34 2
10 23 8
0 17 0
3 21 3
6 36 5
6 16 5
9 32 1
2 3 3
14 25 8
0 32 7
31 42 2
1 2 8
20 30 0
11 26 3
1 8 1
26 41 5
13 15 2
17 20 9
17 42 1
9 26 8
27 32 3
18 29 6
7 10 3
22 39 6
35 44 7
1 10 7
8 41 5
27 35 4
16 25 2
2 14 1
16 23 3
15 18 3
11 12 1
7 35 6
8 21 9
20 32 1
31 41 4
9 19 3
12 18 2
21 22 8
15 24 0
4 16 6
18 24 4
3 7 0
14 26 4
2 43 2
19 31 8
21 39 5
8 20 2
12 30 7
20 28 4
35 36 8
26 34 5
14 28 9
23 36 8
21 27 6
18 25 9
5 27 1
3 26 5
28 39 6
37 41 2
29 43 5
42 44 2
33 34 9
6 11 6
15 25 5
17 25 9
26 36 2
5 37 1
4 8 3
9 28 0
21 29 5
9 14 6
9 10 6
22 33 4
3 31 5
13 19 8
19 37 0
10 14 2
6 34 2
12 26 3
17 29 5
1 28 9
18 21 4
0 7 7
16 29 0
21 32 5
30 32 4
27 39 8
24 33 0
5 30 5
12 43 5
7 17 9
20 42 0
14 29 6
1 16 9
8 43 5
15 27 0
1 36 6
5 15 8
9 37 3
40 41 1
31 44 1
30 38 2
23 33 3
22 43 7
34 42 0
9 20 9
0 38 9
9 12 6
28 33 3
19 21 5
13 42 4
20 37 9
0 20 2
4 33 7
11 22 5
7 28 5
7 38 6
11 27 5
41 42 5
18 27 1
20 27 9
3 41 7
26 43 8
19 43 1
26 29 8
24 39 0
2 29 2
17 34 9
3 8 2
11 42 3
20 21 5
10 12 1
7 23 3
38 44 5
16 39 7
12 38 0
26 39 8
4 18 1
17 43 0
4 9 5
7 14 5
23 29 3
12 36 0
4 44 3
6 31 0
24 41 7
2 10 0
8 38 1
10 26 9
28 36 8
3 38 3
15 23 0
21 23 3
0 16 4
18 41 3
20 31 0
6 20 1
4 32 6
36 44 5
32 37 0
32 38 5
40 42 6
2 36 3
3 36 4
16 17 5
13 44 4
2 30 5
11 17 0
6 15 1
2 21 0
6 27 3
25 33 3
25 44 1
36 41 2
1 44 5
10 40 7
12 22 7
30 40 5
6 22 2
15 30 3
28 32 2
0 13 8
16 20 7
1 3 9
31 35 0
18 19 7
35 38 1
5 8 2
9 11 4
7 12 1
25 31 1
7 34 7
18 32 2
0 42 0
17 32 1
3 40 5
2 11 6
25 39 0
8 24 2
4 38 4
22 29 0
16 35 0
20 44 1
13 38 7
36 43 2
3 34 5
5 43 4
6 29 3
12 23 8
4 27 0
32 41 7
25 40 6
1 19 0
29 32 2
39 42 9
6 23 4
26 30 1
2 32 5
13 20 0
5 25 1
4 40 4
0 18 3
10 42 4
7 30 9
0 5 6
12 35 8
16 30 8
6 32 8
24 29 9
26 42 2
14 22 2
0 34 7
31 38 0
1 15 1
1 20 6
0 14 6
42 43 8
16 37 1
11 24 4
8 9 3
27 40 3
12 21 8
5 19 8
34 39 0
4 14 4
16 32 7
0 11 5
35 39 8
7 20 7
26 28 9
40 43 7
4 6 6
27 34 8
4 5 1
24 31 2
33 36 3
14 42 4
21 26 9
5 13 5
5 35 2
21 40 6
2 8 3
15 32 8
17 35 1
29 38 6
15 44 6
1 4 6
10 36 2
8 36 6
26 32 9
2 5 8
16 21 2
8 18 2
13 34 8
22 32 2
18 31 8
21 25 7
7 26 2
17 27 3
9 23 3
23 35 6
11 30 3
15 38 0
24 42 9
21 38 0
6 41 3
19 39 2
22 31 2
3 32 3
20 25 4
30 42 0
17 44 1
11 28 1
14 24 6
9 39 5
4 17 8
19 29 7
2 13 1
13 22 2
2 22 4
0 23 9
16 18 0
1 6 1
14 37 1
0 43 5
1 42 5
2 27 8
9 27 1
26 31 8
0 4 0
14 39 7
1 9 0
32 39 4
21 35 4
3 33 0
3 28 0
1 14 8
13 27 1
28 44 7
15 35 4
11 19 6
21 28 6
22 38 7
25 27 5
7 31 1
14 16 2
8 12 1
4 22 9
16 31 9
0 35 0
22 34 3
19 40 9
0 22 3
19 42 7
31 34 9
32 34 6
2 6 6
22 36 2
4 30 5
5 32 6
22 44 2
16 22 9
17 18 4
28 42 2
28 31 5
14 44 4
24 30 4
8 39 8
3 43 4
14 30 5
18 26 5
14 18 4
0 33 9
8 23 1
26 40 1
18 35 4
39 41 8
18 39 4
15 19 8
8 33 9
18 44 4
9 21 7
38 43 3
27 42 0
20 40 5
34 41 6
13 28 4
19 36 1
26 37 9
25 37 2
17 31 2
31 37 8
5 17 2
18 28 5
5 26 2
32 40 5
16 24 2
23 26 6
4 25 3
15 36 8
1 39 3
15 17 7
4 29 0
41 30 6 34 13 7 32 22 27 31 40 3 35 38 21
20 28 1 14 19 8
64 1034 41 17
56 59 7
5 40 1
17 35 0
15 62 9
22 60 0
55 60 0
7 13 6
21 58 0
47 52 7
7 53 9
18 55 9
52 59 7
8 17 5
23 54 6
1 23 1
11 48 8
9 58 3
14 35 6
47 60 1
28 63 2
12 27 8
5 61 5
17 34 9
27 38 6
30 50 0
10 54 0
11 27 7
18 22 6
20 59 0
10 28 3
25 38 7
25 26 3
26 63 6
3 9 6
12 48 6
32 43 9
45 48 9
42 46 0
27 56 5
60 61 2
58 63 8
1 21 8
21 63 1
0 54 7
28 50 8
5 45 4
27 40 3
16 23 3
13 26 0
20 30 3
3 22 2
10 20 1
31 52 2
7 27 5
41 54 7
38 46 0
18 30 7
35 55 9
2 54 0
42 43 8
7 50 8
19 39 4
44 53 5
8 26 6
35 61 4
53 61 1
6 31 5
6 59 0
1 42 4
3 58 8
7 22 3
1 39 1
10 37 2
43 58 0
29 59 8
48 52 7
19 30 0
36 39 6
17 19 7
37 63 7
26 56 9
11 47 1
38 42 1
5 30 4
30 57 2
40 62 0
9 25 9
14 28 6
21 33 7
38 58 3
17 24 1
41 44 8
9 50 5
38 47 4
34 35 4
14 31 2
9 19 6
3 56 7
6 38 4
17 45 5
21 56 4
40 46 3
26 38 7
9 37 1
15 53 6
49 58 3
42 59 9
25 58 6
16 40 5
2 48 5
39 43 5
32 38 6
6 50 5
25 45 0
13 42 8
6 14 5
24 32 4
22 29 1
38 43 4
22 54 4
14 22 5
4 22 9
31 53 3
7 35 2
5 12 4
11 57 9
25 46 0
46 58 5
5 52 9
16 37 0
32 41 9
14 63 9
45 47 1
37 56 8
7 55 7
45 46 2
27 36 7
55 59 6
41 53 9
20 25 8
1 57 5
23 33 1
36 53 5
44 54 2
4 18 6
0 34 6
16 20 5
53 60 7
13 60 5
12 21 9
18 50 3
46 49 5
0 22 3
3 10 6
13 32 7
29 60 7
43 56 0
6 43 2
30 38 9
29 40 7
23 51 7
27 55 1
2 59 1
6 45 2
1 50 2
14 56 7
6 25 9
1 16 1
25 57 6
24 31 6
50 56 7
22 59 0
10 56 2
5 59 3
20 57 1
25 39 4
12 59 1
39 61 0
43 51 6
1 48 4
14 45 0
51 62 7
19 36 2
11 53 8
22 25 9
2 34 5
24 34 0
12 42 4
38 39 6
45 57 1
35 54 0
37 58 7
8 12 0
17 23 9
42 56 9
17 47 8
4 24 3
35 46 5
17 44 0
30 31 9
0 7 3
16 30 1
20 29 5
22 55 5
9 48 4
0 48 7
2 10 3
2 32 3
8 38 0
23 57 7
15 46 5
58 62 2
0 36 1
4 8 2
5 42 7
11 43 1
3 44 7
17 30 5
7 9 1
17 18 2
7 24 2
15 63 9
38 59 2
33 36 1
56 60 4
20 46 9
60 63 4
20 39 5
4 14 8
7 46 0
13 41 1
6 37 6
1 26 3
6 60 4
37 62 6
7 29 7
34 54 5
39 42 6
43 62 4
10 15 4
6 56 5
39 40 5
6 27 4
22 43 7
8 20 7
22 23 2
15 18 1
4 57 5
4 26 9
40 56 7
0 27 2
40 61 2
37 46 2
10 47 2
24 55 1
17 59 9
28 38 9
43 55 0
0 59 3
16 55 7
18 63 4
0 23 6
6 20 3
59 61 0
14 37 5
43 53 3
21 22 4
8 18 1
2 31 8
2 38 7
33 39 2
16 49 3
13 56 6
19 45 4
16 24 5
53 58 9
14 43 1
10 16 9
20 45 1
44 63 2
10 39 6
8 56 7
28 32 0
2 42 0
32 34 8
36 50 8
15 37 3
24 56 5
31 49 0
48 55 7
2 9 4
9 11 6
42 49 7
35 49 7
37 57 8
4 13 7
28 40 1
0 2 3
16 46 6
26 35 6
14 50 7
48 58 3
6 40 8
61 62 1
12 37 2
0 35 6
8 22 7
39 47 2
37 39 2
25 29 2
35 45 1
34 55 3
3 6 7
3 48 2
11 33 1
13 53 5
45 50 5
7 38 6
27 48 9
28 43 8
33 45 5
24 47 7
10 14 8
2 27 0
28 49 4
30 45 5
23 40 6
7 32 0
5 21 8
21 43 3
3 50 4
40 49 8
34 60 2
28 36 9
5 47 2
31 61 3
28 61 7
14 18 2
1 55 5
22 49 4
17 22 3
18 37 4
4 42 5
6 8 9
15 60 8
24 30 1
3 63 9
2 22 9
34 56 1
34 43 9
24 44 8
5 33 8
9 53 3
24 57 9
25 63 7
9 60 1
35 51 5
18 25 9
28 52 8
27 41 8
12 20 2
14 54 5
19 50 0
36 56 2
25 30 5
29 61 5
37 61 7
4 41 0
31 45 6
18 51 4
17 42 9
12 61 5
19 62 7
16 39 1
30 59 4
33 60 8
14 24 3
33 35 2
0 49 6
20 32 2
3 7 7
2 23 4
50 51 3
26 51 7
9 61 3
18 59 5
19 20 2
28 47 8
7 42 5
21 48 0
54 60 8
38 52 4
30 49 2
9 41 4
31 50 4
5 39 2
10 63 0
30 44 9
3 61 4
9 44 7
4 62 5
4 36 0
35 59 5
13 58 6
6 63 1
48 53 3
32 47 9
39 57 4
35 41 9
22 36 5
13 51 2
17 25 6
12 16 5
53 57 1
18 23 1
3 52 7
0 40 8
38 50 5
10 43 5
27 50 3
28 62 7
13 33 8
22 50 1
5 13 6
14 55 5
52 57 4
23 39 2
15 20 9
47 62 3
42 50 3
13 50 4
6 22 9
23 48 9
7 14 8
34 36 0
0 12 1
9 21 2
13 52 0
56 62 1
10 57 0
45 58 9
6 28 5
25 56 0
57 60 1
23 59 8
50 59 6
36 41 4
44 62 9
20 44 5
14 48 1
7 11 4
12 23 8
16 41 5
15 28 5
22 58 4
10 18 5
31 33 8
19 34 4
10 13 4
3 13 9
48 59 7
55 56 7
3 47 4
45 53 6
17 48 2
42 57 1
6 16 7
39 53 8
31 44 6
13 61 5
16 50 4
41 61 1
2 61 8
1 45 9
49 51 1
36 55 8
4 11 7
5 63 3
50 62 3
1 46 5
15 50 4
11 29 3
33 49 5
27 44 1
31 48 4
15 34 6
26 42 2
11 60 3
54 59 5
11 35 8
2 21 7
44 50 4
32 54 8
22 39 2
20 34 1
29 30 5
16 38 4
33 54 9
19 23 9
2 5 1
22 62 0
40 41 8
4 19 8
10 34 9
15 35 5
2 47 5
36 42 8
16 28 1
48 61 5
26 33 0
0 57 3
10 52 1
15 26 8
6 51 7
24 42 0
29 36 5
24 36 6
19 40 8
29 50 0
49 54 6
53 63 9
12 46 2
44 60 9
41 60 0
18 49 8
6 17 3
10 22 4
4 56 5
7 36 5
1 47 4
24 45 9
12 41 6
11 13 8
5 58 2
20 53 2
15 24 7
15 27 9
35 57 3
36 58 9
8 13 3
23 53 9
14 44 2
40 47 0
13 37 5
1 41 0
10 51 7
1 11 8
26 44 8
17 62 0
13 18 8
22 44 8
17 53 7
34 61 6
8 62 8
4 45 2
20 58 8
21 28 6
13 39 5
3 39 1
12 14 3
3 16 8
24 37 4
15 43 1
8 37 9
26 49 9
12 36 2
18 21 4
14 27 0
25 34 1
20 50 1
7 51 1
25 41 0
34 63 5
25 33 6
30 51 7
1 59 5
11 61 5
31 37 3
27 54 1
3 35 4
35 62 4
13 24 3
26 37 8
5 23 0
14 46 2
20 27 4
3 33 0
1 36 6
9 55 9
0 21 8
15 54 0
1 38 6
29 57 3
9 13 0
19 26 9
5 44 9
8 31 0
6 15 6
23 58 7
38 55 7
11 37 2
19 24 7
25 32 5
10 55 6
58 59 4
38 53 4
46 51 8
12 52 8
16 19 6
20 43 8
7 45 3
4 60 6
34 45 8
33 51 1
20 35 1
9 23 7
10 24 0
27 47 6
38 51 6
12 49 1
29 42 6
10 27 8
2 44 5
39 46 3
26 32 3
39 45 3
33 55 2
26 48 3
7 49 4
14 41 4
4 27 8
51 55 4
4 58 9
0 43 7
25 59 1
10 44 4
3 38 2
1 4 7
16 63 3
29 52 2
9 14 6
42 47 3
0 19 3
20 47 3
52 54 9
38 40 7
29 45 0
8 44 7
5 24 3
12 47 4
28 55 4
13 55 3
2 30 5
1 32 4
47 59 1
9 54 4
3 5 3
15 16 7
5 36 8
17 60 9
51 63 5
39 55 5
18 29 1
30 63 0
32 61 1
26 31 4
20 56 1
6 42 3
6 48 8
38 49 2
30 46 8
2 36 1
6 44 4
8 10 6
28 59 1
38 61 1
45 61 7
0 8 3
6 39 5
43 57 7
21 40 3
22 34 1
0 47 7
5 15 8
24 33 4
33 37 9
21 35 5
1 35 1
19 28 2
12 58 4
8 41 1
35 36 2
26 61 4
24 26 7
47 53 3
1 54 0
19 55 9
12 33 5
45 51 9
8 36 2
1 43 7
28 44 2
4 29 8
4 61 8
28 54 8
18 28 2
48 51 7
24 58 0
42 58 5
1 22 6
6 58 5
18 52 8
20 51 5
34 57 4
36 47 6
51 59 5
4 9 4
38 45 7
39 62 3
3 34 2
9 38 0
24 59 5
43 52 1
12 32 4
0 62 1
6 19 7
9 40 1
44 46 8
3 32 5
25 50 5
11 21 3
21 51 2
43 44 2
50 63 1
32 59 0
17 37 0
55 57 7
4 12 4
0 28 1
22 30 6
17 31 9
7 52 2
33 43 7
61 63 6
11 63 3
3 45 2
13 21 8
19 53 5
26 47 9
27 39 6
32 56 1
41 48 6
13 14 5
34 53 3
52 53 9
22 33 3
47 63 0
25 28 0
18 24 6
17 41 3
6 62 2
31 38 1
49 55 4
8 61 0
0 38 0
4 10 1
1 62 5
23 44 2
27 57 1
14 20 7
18 46 1
27 31 6
7 60 3
16 34 7
17 26 2
4 55 2
0 18 1
15 29 5
47 58 7
4 23 2
5 48 3
39 56 0
41 50 4
12 55 6
54 61 7
10 29 1
46 56 4
33 61 4
2 49 3
31 51 4
12 43 0
13 16 1
4 51 8
31 39 4
9 56 1
23 56 7
16 61 7
46 61 3
15 41 8
10 46 0
18 34 8
16 18 4
46 48 4
11 51 0
14 29 3
15 39 3
55 62 8
27 43 7
2 26 1
21 25 2
13 54 1
36 44 0
6 12 9
11 22 8
3 18 5
11 54 6
7 26 2
20 24 6
19 63 3
10 58 2
25 37 4
6 24 8
5 46 3
30 34 3
22 31 6
32 46 6
31 58 4
6 41 7
25 53 0
20 40 1
47 57 6
26 28 6
36 45 4
17 28 9
15 22 4
23 61 0
18 58 4
36 48 5
38 63 7
15 17 8
7 12 6
15 52 4
39 63 4
19 37 4
15 58 0
18 47 2
11 24 0
18 27 0
29 55 6
1 18 5
16 32 7
27 33 1
42 51 4
26 55 0
12 29 6
12 54 4
2 53 0
2 50 3
12 26 0
2 13 4
0 55 1
27 53 9
51 60 7
6 57 2
16 57 2
43 48 7
13 38 0
9 31 7
0 52 8
14 33 7
1 33 3
19 25 7
40 48 9
9 12 8
14 53 0
6 10 5
20 54 5
17 32 6
2 24 5
21 37 1
11 39 0
28 41 1
50 61 7
29 56 2
47 49 1
1 40 6
4 16 5
0 15 0
46 52 3
12 38 8
13 34 7
45 49 7
34 40 2
35 58 1
38 57 8
6 18 3
8 19 1
20 60 7
4 20 6
1 28 3
2 28 6
7 48 6
29 47 5
18 38 3
48 60 7
26 50 0
28 53 9
0 37 5
24 51 2
3 27 8
5 25 9
19 31 1
34 37 0
31 63 1
23 26 2
34 46 2
10 33 1
23 60 2
5 27 5
12 28 1
22 38 3
28 45 7
0 11 7
6 47 9
16 43 1
10 19 8
20 61 6
24 49 4
27 52 6
30 40 8
21 32 1
29 35 8
0 45 3
32 49 9
30 36 0
19 49 7
16 62 5
33 57 0
23 29 1
21 31 2
0 56 5
9 30 4
11 58 3
29 41 9
10 25 8
4 43 3
32 51 3
43 60 6
24 63 6
2 12 6
8 42 6
9 34 8
17 51 3
39 60 1
56 61 8
10 61 8
21 30 1
19 57 2
8 55 7
17 56 1
24 62 3
16 52 6
32 60 6
7 62 8
5 38 1
1 34 8
14 58 8
18 53 3
6 23 6
20 41 7
42 55 5
37 54 9
45 56 0
50 52 1
55 63 4
1 6 2
9 49 8
20 38 7
16 21 5
39 41 9
10 26 1
37 49 8
48 49 5
57 62 0
25 61 7
15 30 1
10 11 5
33 47 6
10 31 9
2 41 9
5 55 2
39 50 6
51 54 6
24 39 9
33 48 6
1 24 8
14 57 6
43 59 8
7 56 8
7 39 0
10 59 3
29 48 1
44 61 0
23 43 6
50 54 1
13 31 4
29 37 7
2 46 0
55 58 8
19 48 6
38 56 2
14 15 5
3 49 7
3 59 7
6 49 1
5 53 7
12 25 5
47 56 3
34 48 4
11 17 4
8 34 8
45 62 3
1 12 2
3 25 1
7 16 7
1 63 0
4 44 5
2 15 8
41 47 5
57 61 6
12 24 8
21 57 5
3 4 4
4 17 9
13 41 26 43 62 14 16 50 1 17 20 15 7 55 49 53 3 27 31 35 61 42 8 6 5 40 12 56 48 37 2 10 57 52 11 63 58 18 33 4 47
0 23 24 21 51 22 39 59 54 28 36 25 9 60 32 30 44
2 0 2 0
0 1
4 0 3 0
0 2 3
79 2567 51 5
50 68 5
10 35 4
17 69 5
66 73 0
19 70 1
15 30 9
50 57 4
53 62 9
61 71 8
0 45 4
54 74 1
3 40 9
50 56 0
20 35 5
14 50 8
3 42 3
6 42 3
41 76 2
4 20 4
45 52 5
0 76 9
8 57 1
35 56 1
50 72 0
24 41 7
8 23 6
10 65 9
38 62 5
10 63 2
5 20 2
36 66 6
20 55 2
33 67 4
48 65 9
38 40 4
13 43 2
41 42 9
3 4 5
5 12 4
31 45 9
4 23 8
24 35 8
1 71 2
39 58 6
20 78 2
14 23 1
11 77 5
29 62 5
32 47 8
4 62 7
8 50 4
44 46 7
7 18 3
31 46 5
17 66 6
47 61 3
38 51 1
0 9 4
62 64 3
56 76 1
68 75 3
48 64 2
53 59 2
31 71 7
41 58 3
1 36 5
15 22 1
14 64 2
59 73 1
25 77 7
13 15 4
57 68 9
16 17 4
56 77 1
6 33 2
27 71 7
40 72 4
9 25 0
13 65 8
26 38 8
31 54 8
15 54 8
31 63 0
51 65 5
2 8 6
21 43 4
19 23 6
58 59 4
18 32 6
18 77 6
7 69 8
65 69 7
16 56 7
42 55 0
29 72 4
7 48 4
20 57 5
45 61 9
9 54 1
46 68 2
69 75 1
13 69 5
37 45 2
25 72 8
29 32 3
14 77 7
3 31 4
47 64 3
15 40 5
7 74 3
46 69 3
18 31 8
73 75 6
6 13 0
4 31 3
42 73 0
11 33 3
48 59 4
13 61 4
21 22 5
2 71 8
13 78 6
35 46 5
16 48 2
51 56 2
68 74 2
58 60 5
28 42 8
44 53 5
9 64 8
31 67 8
24 69 3
8 71 5
17 78 3
25 42 7
50 69 3
32 51 8
5 64 1
14 67 0
10 69 8
33 40 4
25 59 5
58 68 3
10 45 3
34 43 8
30 77 5
13 41 7
11 22 1
63 71 8
59 70 1
9 43 9
15 43 1
22 54 1
13 49 2
30 78 6
3 70 1
3 67 0
10 51 0
16 53 2
0 24 7
13 45 6
12 41 6
32 69 1
5 56 7
38 43 6
14 63 7
11 55 9
50 74 2
47 65 6
59 78 7
29 76 3
1 23 8
29 43 2
49 58 5
63 74 0
41 47 4
12 66 5
22 36 8
26 30 2
0 11 8
15 42 2
55 69 2
19 39 4
6 12 7
7 64 9
43 49 3
4 39 8
29 42 8
15 17 2
8 11 3
23 31 3
8 20 4
13 75 1
2 51 6
33 47 0
17 18 6
76 78 2
8 59 6
15 21 7
7 13 8
24 62 5
33 77 6
13 68 6
54 56 4
1 48 2
0 68 2
2 34 0
14 46 1
29 37 7
56 73 0
8 70 8
39 60 6
10 36 1
0 61 8
50 51 3
2 11 4
68 71 7
70 71 5
36 45 3
54 76 2
6 69 9
9 63 0
18 36 3
28 61 0
30 37 3
35 62 2
57 62 0
1 20 0
13 51 5
33 78 5
28 75 3
2 35 7
29 67 0
28 72 3
4 9 0
6 36 6
14 21 2
10 18 5
33 58 0
61 63 8
1 54 4
40 65 9
13 26 8
13 77 8
28 38 2
28 36 7
34 65 2
61 70 9
23 57 8
60 61 1
1 32 3
27 53 4
50 71 9
31 39 3
11 47 7
14 61 8
60 70 1
20 24 1
3 66 2
57 65 6
17 49 6
0 43 5
48 75 6
24 74 6
4 22 6
14 75 6
17 37 4
32 65 9
47 75 8
4 17 9
3 43 2
16 44 8
11 65 1
20 68 5
0 42 9
28 69 4
71 72 0
3 54 7
39 47 1
21 34 2
40 49 1
29 53 8
9 47 3
42 48 6
3 10 3
26 56 8
51 64 1
11 61 2
24 65 2
33 74 1
39 53 4
1 14 5
49 75 8
5 29 1
19 22 3
14 31 4
29 66 1
54 73 5
56 68 6
52 75 9
27 35 8
28 39 5
66 70 3
3 7 3
37 63 8
2 78 1
8 33 0
29 39 1
10 41 3
5 53 9
7 44 9
60 65 1
30 40 9
46 53 5
23 48 1
14 54 9
8 29 6
3 9 2
6 76 6
1 19 5
29 70 3
61 62 6
58 71 1
18 78 9
46 77 7
29 35 1
29 78 4
59 64 2
55 60 7
39 51 4
12 29 1
73 76 1
24 77 0
4 67 3
54 71 6
14 27 6
4 25 8
17 61 5
62 76 4
23 58 8
51 74 8
24 78 9
53 55 6
25 55 8
16 60 6
18 41 8
35 55 6
34 66 0
1 34 0
7 73 0
37 70 2
0 35 7
72 73 6
0 58 6
33 75 7
16 28 0
17 68 7
37 58 0
14 33 2
33 64 2
20 71 4
40 56 9
19 43 9
40 58 9
18 33 3
25 76 7
54 55 0
7 61 0
55 64 2
54 59 7
5 57 6
33 56 5
34 76 0
13 27 0
5 48 4
9 37 6
11 48 4
3 78 5
40 50 5
0 16 1
11 24 7
52 73 3
16 71 7
20 42 0
25 40 8
48 63 3
24 30 7
13 73 7
6 16 0
23 74 2
24 51 8
32 49 3
54 68 2
14 59 4
8 48 0
37 44 3
0 31 0
11 17 6
59 66 5
26 61 1
1 25 9
46 66 6
49 62 0
32 68 1
9 59 4
37 67 0
67 77 2
41 77 4
1 21 4
33 42 5
14 43 9
6 66 3
68 73 4
7 67 0
31 76 4
19 31 4
38 69 4
36 55 2
2 59 7
68 77 5
39 57 1
39 64 5
43 57 4
49 72 0
34 39 7
16 40 9
53 73 6
5 7 6
47 72 1
5 32 5
22 68 0
9 45 1
7 75 4
8 44 8
3 75 5
12 60 2
17 55 2
15 57 6
54 63 8
54 67 3
17 19 1
55 78 3
9 68 7
43 71 1
10 46 2
4 21 7
15 37 1
54 66 2
9 72 2
4 66 4
22 75 4
13 25 1
21 33 3
1 3 1
51 77 5
8 55 0
20 64 7
14 19 9
41 62 6
70 74 0
32 73 7
28 58 5
3 53 3
47 55 2
25 57 5
44 56 5
5 10 8
34 45 7
56 58 5
1 61 7
12 69 3
7 62 5
28 63 3
36 77 2
1 13 5
15 68 5
28 32 2
38 60 4
3 19 7
42 44 1
13 47 6
57 61 9
4 45 1
25 44 2
31 42 3
37 69 1
8 60 0
21 40 3
37 50 5
9 70 2
27 61 4
6 30 0
55 71 0
35 41 5
42 70 4
1 24 7
7 60 2
14 41 1
5 13 5
9 35 9
57 67 8
0 26 6
70 76 1
6 19 6
1 30 9
1 60 8
25 41 2
2 14 0
26 51 4
13 58 5
41 50 8
51 61 1
22 58 5
15 74 0
46 63 4
11 34 6
12 50 2
6 17 6
17 34 8
18 47 8
14 44 0
39 40 5
3 65 7
11 71 4
16 50 7
2 45 6
41 74 1
15 26 5
33 71 2
11 70 3
34 54 6
33 50 9
20 62 7
45 75 3
42 45 4
12 38 2
30 54 5
64 73 7
17 50 2
68 69 6
10 60 6
6 49 4
9 66 1
0 47 5
0 57 9
0 17 3
43 77 6
18 48 6
29 56 3
19 45 1
42 63 9
41 53 7
62 77 0
6 74 3
31 66 6
51 66 7
27 62 5
70 78 4
47 73 8
14 72 9
27 42 0
3 33 3
14 70 4
6 21 8
64 75 1
23 41 0
0 15 6
4 49 8
21 56 4
39 70 6
23 64 6
5 24 2
46 50 9
40 74 4
30 57 4
71 75 7
18 35 3
51 73 2
46 59 7
12 40 9
22 64 8
31 62 0
3 12 8
14 78 3
37 40 7
20 67 8
33 53 7
18 38 5
21 60 2
20 51 1
61 74 1
28 73 7
69 72 5
4 54 3
3 25 5
7 54 1
57 74 4
20 59 0
0 14 1
5 78 3
13 42 4
48 50 0
36 39 6
16 19 8
3 55 9
48 57 2
2 72 0
33 66 4
63 69 5
21 66 2
72 77 2
32 42 5
3 23 4
46 64 2
34 58 8
53 54 4
32 45 7
12 43 3
9 26 5
7 52 6
44 50 7
5 19 1
37 61 1
41 60 6
2 65 9
34 69 6
56 67 0
38 45 7
12 63 7
26 72 3
36 43 2
69 73 2
4 34 2
56 63 6
6 72 5
23 52 9
57 73 0
14 57 4
5 17 1
74 78 6
15 38 4
35 61 1
4 44 0
34 74 2
11 74 4
1 8 2
18 60 7
15 72 5
10 66 6
3 49 6
22 55 0
24 63 3
42 71 0
19 59 8
1 67 4
28 52 3
27 63 3
5 73 0
18 59 1
10 33 5
2 42 4
10 67 7
6 55 0
14 69 9
24 50 7
51 58 5
66 78 6
17 22 5
61 64 4
17 31 2
14 30 8
69 78 0
2 12 8
1 49 2
13 59 9
3 27 8
13 22 5
9 74 8
53 72 2
35 69 4
0 25 0
1 26 9
16 70 4
38 72 9
25 53 6
27 32 6
23 40 8
52 77 8
19 27 8
44 47 9
6 37 1
30 36 7
42 58 3
19 38 2
0 13 5
0 7 1
23 77 4
59 69 9
36 51 8
40 66 9
59 60 0
21 67 1
38 52 8
44 71 3
67 72 3
21 73 8
27 58 6
0 1 5
8 66 3
25 29 6
9 51 1
3 68 9
58 66 8
4 28 5
64 68 7
6 40 7
31 58 6
25 52 2
0 8 1
34 52 9
4 76 7
4 60 0
15 60 7
14 45 6
6 41 8
26 77 0
3 30 5
63 78 0
43 58 4
30 38 9
52 56 2
24 57 2
19 32 0
17 64 2
21 78 2
44 76 5
63 70 9
27 78 2
10 38 4
7 72 8
18 27 0
3 73 4
15 69 3
45 70 6
5 16 6
4 75 1
5 45 1
4 72 4
34 73 3
7 65 1
10 58 7
5 52 3
18 74 1
25 33 0
15 52 4
17 30 5
20 22 2
40 77 5
53 75 4
18 21 2
20 43 2
41 69 0
27 30 2
26 59 6
7 50 8
12 28 3
9 38 1
24 55 4
12 16 8
26 45 3
24 39 9
59 63 5
8 39 8
7 16 3
37 74 6
20 65 0
9 31 1
39 52 6
65 75 2
3 74 4
43 50 2
8 18 5
12 49 9
30 60 8
40 60 9
35 66 3
5 69 8
17 39 6
4 42 1
38 54 6
10 31 6
33 63 8
15 46 1
34 35 4
45 72 4
50 65 5
43 48 7
33 35 3
40 55 9
34 68 4
8 10 2
8 27 5
2 58 1
7 78 1
15 18 0
6 70 8
43 70 5
35 68 7
0 55 9
27 70 9
20 61 7
32 61 1
6 35 3
7 19 9
2 19 1
43 73 9
51 70 1
17 36 2
55 57 7
26 70 4
13 71 5
45 66 7
27 68 6
20 28 9
42 76 5
62 69 0
15 39 9
30 46 0
8 22 7
22 32 4
26 43 4
14 58 0
22 28 3
66 74 5
23 27 6
21 55 8
23 78 2
32 39 5
25 27 6
29 68 8
60 66 6
4 38 8
45 54 0
24 64 0
23 72 5
31 55 4
49 71 9
27 55 7
11 44 3
24 47 0
28 44 5
44 59 9
20 33 5
3 47 6
38 46 7
29 50 4
0 39 4
37 55 3
50 52 4
3 59 1
5 11 4
4 16 4
8 52 1
39 73 4
67 69 6
4 12 1
53 70 0
0 33 2
56 72 7
19 24 3
57 76 2
23 49 2
30 71 0
41 48 7
10 59 9
28 54 3
42 56 9
4 47 6
0 64 7
6 73 4
36 52 7
12 77 6
14 55 7
34 77 1
30 45 0
12 33 1
14 25 1
19 28 9
31 65 2
25 73 9
46 56 0
41 63 8
38 68 4
17 47 0
0 34 6
28 74 2
4 78 3
21 32 6
18 65 4
37 68 5
41 72 9
21 62 5
29 55 3
1 46 6
17 77 4
1 40 3
11 60 2
62 72 9
24 53 9
1 69 4
9 73 7
4 37 5
50 67 6
5 22 5
3 63 5
22 47 9
11 75 4
58 62 0
13 44 9
20 54 3
14 74 5
23 28 4
43 62 7
18 52 8
6 22 7
36 40 1
25 30 7
47 53 2
18 55 6
38 50 2
34 75 2
12 54 3
47 67 4
3 50 9
12 36 6
9 21 4
45 50 3
15 33 4
17 28 2
64 67 9
21 38 8
61 69 8
10 55 6
14 51 4
43 53 5
33 59 2
6 14 1
9 67 7
31 68 5
14 76 7
26 44 6
32 56 8
9 60 8
7 56 4
2 4 5
60 64 3
47 56 9
62 70 2
3 48 2
48 49 3
1 11 5
17 74 2
22 59 6
4 50 6
65 66 1
47 52 6
14 62 6
20 46 0
10 76 9
9 10 1
24 59 3
10 12 6
2 3 5
18 40 6
15 55 1
6 68 9
18 71 7
61 78 4
29 33 8
37 65 8
14 16 5
28 55 8
14 42 7
18 43 5
23 66 6
40 78 8
3 34 3
32 75 6
16 32 3
30 49 3
12 44 3
18 67 0
13 57 8
36 78 5
7 40 1
17 57 6
30 55 2
31 57 0
12 72 8
26 66 4
15 70 0
9 77 8
32 57 1
33 44 0
70 72 7
1 10 4
48 68 2
15 59 5
4 11 9
13 48 5
63 73 6
29 71 2
41 56 2
33 36 5
47 50 4
22 66 4
59 67 8
1 63 2
7 46 0
5 38 3
36 65 7
40 44 6
27 40 6
39 42 7
14 28 0
48 70 5
11 38 5
7 33 0
18 68 5
38 48 0
20 63 2
47 63 0
29 59 2
4 63 6
10 26 9
24 34 1
40 67 0
28 53 9
36 61 7
4 30 8
9 13 6
20 40 5
31 75 1
15 28 1
52 72 5
16 59 6
42 77 2
8 30 8
18 19 6
17 59 1
52 68 0
11 54 7
67 70 8
3 41 5
38 67 2
27 37 9
15 32 7
46 61 5
59 61 2
16 33 6
30 64 5
42 43 5
12 32 4
2 52 2
53 58 9
35 77 9
44 68 9
18 54 2
7 37 5
0 37 3
64 72 7
6 7 3
29 38 0
21 41 7
22 65 9
10 30 5
23 76 5
20 49 9
50 75 2
12 30 5
16 43 4
50 54 9
30 48 8
18 49 5
44 54 5
65 74 0
22 63 8
4 7 3
19 35 5
29 41 2
29 44 7
37 57 1
41 44 1
48 53 4
3 62 8
24 25 6
69 70 7
1 33 2
23 54 3
15 16 8
48 58 8
16 45 5
15 23 0
35 47 5
6 77 6
53 74 7
13 76 3
26 58 0
57 58 8
26 54 7
15 35 2
2 74 2
24 29 4
10 37 9
4 6 4
10 40 1
60 78 4
22 45 2
57 59 2
3 44 4
54 61 9
2 25 8
17 48 6
66 76 0
3 45 5
21 68 0
21 28 2
0 71 5
2 56 1
14 37 6
26 65 8
39 55 4
44 45 3
62 63 6
36 74 3
26 29 2
15 53 5
42 57 8
22 24 8
21 74 5
21 26 1
15 76 6
23 24 3
19 76 8
9 20 7
64 78 8
62 68 5
60 76 0
44 57 7
18 50 9
5 51 4
49 74 8
0 6 1
2 66 2
35 42 0
40 71 2
3 58 6
31 70 7
42 62 7
0 18 6
13 31 0
2 37 3
50 61 0
25 63 4
60 69 7
14 38 7
37 72 4
3 36 9
35 57 2
29 61 4
13 17 0
4 77 0
58 73 7
21 45 2
10 50 8
45 68 6
2 33 5
12 21 5
11 14 2
7 29 4
59 72 6
12 39 8
32 41 0
17 32 0
10 39 6
25 50 6
37 59 0
38 53 9
3 77 5
52 69 5
51 68 3
22 61 8
16 62 7
64 77 4
25 46 0
4 13 8
31 48 1
12 55 6
10 49 8
12 71 7
18 28 7
18 45 7
39 54 7
30 70 4
13 14 8
26 39 4
32 46 6
15 67 5
18 51 6
8 17 1
69 74 7
1 52 6
30 75 7
22 26 9
2 6 7
7 49 3
2 62 1
17 38 4
1 35 5
24 73 3
39 59 3
13 18 7
20 30 0
6 9 6
56 65 5
4 18 5
15 29 7
14 15 0
7 66 5
64 71 1
55 56 5
46 62 3
41 67 1
39 56 9
46 60 3
7 39 3
2 36 0
16 27 3
19 34 8
39 49 3
51 63 6
24 49 3
31 34 1
10 14 0
16 35 5
4 70 6
21 31 8
23 63 6
15 71 4
29 64 6
0 38 9
45 74 4
27 64 8
23 73 5
26 53 2
12 78 7
9 50 9
44 60 1
14 36 1
34 44 2
18 63 5
44 61 9
35 75 5
1 2 2
49 69 0
46 65 7
9 36 5
71 73 9
49 51 1
35 54 7
20 50 4
21 77 3
67 73 0
58 69 8
34 49 2
0 29 7
18 37 8
9 17 2
2 17 7
12 15 1
52 71 8
14 32 4
21 36 4
19 49 1
22 67 7
40 69 7
13 62 7
1 5 9
28 70 9
47 51 5
14 40 6
8 47 1
6 31 3
31 50 2
19 48 4
53 64 3
55 59 1
21 30 1
37 54 5
17 46 4
0 65 6
24 72 6
17 21 4
33 61 2
24 31 7
0 28 3
7 27 3
8 53 5
13 40 1
34 42 8
32 70 8
7 31 1
1 9 4
42 51 9
3 71 8
7 15 2
13 66 7
68 70 1
13 24 5
3 35 2
68 76 0
14 29 4
22 40 1
26 73 6
45 55 7
33 46 9
10 44 1
10 75 0
55 58 1
2 23 1
49 53 7
43 67 2
1 50 2
58 70 0
4 55 9
11 20 5
7 59 3
7 68 9
9 33 0
12 58 3
23 33 1
12 53 4
8 72 0
28 76 6
2 24 5
18 23 0
4 52 4
3 69 1
17 58 1
37 47 3
5 6 6
1 41 0
23 45 8
44 58 0
38 47 4
1 76 4
56 64 2
26 34 0
11 72 4
31 72 2
6 51 3
41 52 7
16 65 9
47 48 5
6 34 9
10 24 6
13 55 6
57 71 8
5 33 2
49 66 5
25 69 7
19 74 5
33 73 5
45 49 7
14 66 2
39 65 7
48 77 3
40 43 2
33 38 6
17 27 9
63 72 6
10 74 1
51 62 4
9 30 4
53 60 4
13 28 4
21 48 6
32 53 4
28 35 4
17 53 5
1 65 5
19 60 3
37 53 6
21 52 6
36 73 8
11 64 0
46 67 1
56 59 0
77 78 4
8 56 1
18 44 0
20 53 0
66 67 9
19 67 2
23 34 6
66 72 3
46 71 0
34 37 5
18 46 1
37 75 0
21 39 1
18 56 6
51 57 2
28 31 8
49 56 1
44 67 6
8 62 1
13 33 9
50 73 0
2 26 5
2 64 6
41 61 2
1 57 7
43 44 5
3 15 0
35 50 9
35 67 7
4 57 0
17 43 2
39 78 7
0 77 7
19 58 0
27 33 8
11 52 5
2 57 6
47 58 1
0 5 5
24 27 2
12 70 7
10 47 7
9 71 9
19 40 5
9 29 1
41 75 6
0 23 9
22 72 4
54 57 1
49 59 0
6 29 3
46 76 0
35 51 0
35 49 4
16 29 4
48 72 6
11 51 3
47 59 2
25 60 9
49 52 9
53 68 7
27 66 7
16 77 6
42 46 7
30 65 0
44 63 2
7 45 4
41 71 7
25 37 2
76 77 5
9 22 4
7 14 4
25 61 7
9 65 6
2 77 9
8 15 1
12 27 5
18 76 6
42 47 3
24 58 9
0 60 7
12 62 8
38 59 6
22 31 0
26 41 6
40 53 6
30 39 7
12 67 3
40 51 4
25 58 2
44 78 8
5 68 0
11 37 0
8 64 3
11 19 4
16 24 9
61 67 9
25 35 5
16 26 5
21 44 2
44 52 1
69 77 1
30 63 9
43 78 2
6 63 9
13 60 7
13 34 7
42 61 4
3 76 7
20 56 5
42 53 8
3 26 0
51 53 3
62 74 8
44 48 6
15 31 4
27 67 6
11 56 7
41 64 4
16 51 3
5 21 4
39 77 0
29 69 7
25 66 3
29 63 7
46 47 8
48 78 1
6 45 7
30 32 3
31 35 2
10 78 4
47 78 5
31 44 9
36 72 3
36 71 1
16 74 5
5 61 8
5 40 8
24 71 9
12 19 9
36 70 0
17 67 9
9 52 1
20 38 2
18 20 5
33 68 1
24 54 1
8 54 6
60 74 0
2 13 9
2 53 3
56 69 2
0 51 4
18 69 9
1 62 3
59 75 6
6 57 3
30 74 7
55 72 5
11 27 1
7 30 3
7 32 5
33 70 7
34 64 8
24 26 8
64 74 7
27 45 3
56 75 7
11 29 8
11 53 3
1 74 7
5 66 8
20 36 7
4 40 1
23 68 8
36 60 7
8 19 8
9 39 2
52 62 5
23 30 7
19 44 8
43 66 0
23 39 7
24 68 7
40 73 2
13 20 6
11 36 9
6 58 9
3 51 5
5 71 7
30 44 2
6 44 4
37 52 5
8 76 4
24 60 0
45 62 6
11 35 5
17 40 1
12 18 7
36 68 6
38 76 6
16 75 5
22 49 0
9 40 0
8 16 0
46 57 9
36 57 8
71 74 3
8 13 5
19 66 2
16 78 8
11 26 6
40 63 0
5 35 7
19 69 0
16 18 7
49 64 7
16 34 3
61 72 4
53 63 5
1 70 4
14 20 6
4 43 8
38 55 9
18 57 3
44 75 5
16 68 1
14 24 8
28 68 1
23 55 1
29 36 2
7 25 3
36 44 4
2 69 7
8 40 1
49 77 4
8 58 1
10 43 2
8 65 4
12 13 7
4 56 9
5 37 4
13 74 1
13 70 3
22 51 5
26 49 1
3 22 2
15 41 4
21 42 4
23 50 0
48 73 8
48 71 5
34 56 7
26 71 0
2 16 6
19 21 9
50 59 2
5 72 1
0 12 0
21 53 2
28 29 4
45 71 0
18 42 5
62 65 5
37 64 2
5 9 9
59 71 3
51 67 1
21 50 1
21 51 0
3 57 4
28 43 7
0 4 3
12 25 1
26 75 7
7 10 3
4 61 2
26 31 9
5 60 9
5 41 0
52 66 1
38 65 9
13 39 2
36 49 6
7 28 8
34 78 3
7 8 9
0 50 9
60 73 2
20 26 0
58 78 6
38 75 2
8 49 6
47 70 6
8 73 1
67 71 8
16 76 9
15 44 7
13 23 9
28 49 9
8 43 6
1 56 8
43 52 9
54 70 9
43 46 2
58 64 4
53 69 7
5 27 5
63 77 6
28 33 4
6 10 4
7 9 8
15 66 1
10 72 3
40 68 5
7 26 4
41 65 7
3 6 0
35 73 4
74 76 3
2 54 8
1 12 7
59 74 8
0 66 2
55 67 2
1 27 9
41 78 2
22 23 1
35 58 2
34 47 6
10 57 7
45 60 7
27 59 3
6 15 1
27 65 0
15 63 4
43 72 5
12 47 2
36 75 0
11 67 1
26 36 2
6 62 3
6 52 6
34 63 2
8 38 4
14 47 4
17 75 1
0 40 3
16 47 4
30 42 2
1 59 7
15 27 2
45 63 4
23 53 7
28 48 7
19 68 3
6 59 0
53 67 8
30 43 3
53 65 7
48 66 8
13 29 8
34 50 2
2 9 0
1 6 6
19 33 2
1 16 7
73 78 5
12 57 3
35 37 3
19 64 6
26 46 1
2 41 0
46 54 5
9 48 6
39 75 6
34 51 0
19 65 2
21 54 8
3 38 0
49 61 1
36 48 5
8 21 0
27 44 1
24 37 9
24 76 7
37 42 8
19 20 3
48 61 4
1 43 2
20 27 0
8 51 8
26 52 0
25 26 5
63 76 1
13 32 3
60 63 9
1 45 9
35 59 5
6 27 8
60 75 5
37 46 2
62 75 9
36 64 3
2 32 0
10 15 7
53 57 6
15 25 0
17 35 3
10 11 0
75 78 5
17 71 8
61 76 7
19 78 6
12 68 1
52 55 8
30 68 4
1 38 1
4 68 9
45 69 6
69 76 4
5 36 3
39 50 0
29 54 5
27 57 6
51 54 2
22 27 9
10 56 4
5 39 2
54 58 8
24 75 4
7 41 5
24 48 5
8 31 7
23 67 3
23 51 2
48 62 4
3 21 4
47 49 5
9 49 7
35 48 2
35 52 6
16 36 1
0 41 1
22 60 5
17 70 5
9 75 0
7 34 1
22 33 0
10 77 8
50 62 4
66 71 3
5 43 9
64 70 9
22 78 5
41 66 4
18 62 6
9 62 4
0 20 2
10 17 5
14 18 2
23 29 1
18 53 3
31 77 8
7 77 3
7 12 0
40 70 8
22 48 5
5 46 3
13 19 7
12 17 9
9 12 6
25 67 5
1 4 4
27 29 2
14 34 0
61 65 4
53 66 9
2 46 8
56 74 5
28 65 7
30 61 2
1 78 4
27 60 0
55 74 3
27 56 8
14 53 4
49 50 6
32 35 1
32 43 0
26 50 0
12 75 6
38 71 4
52 60 5
36 42 3
13 54 0
11 50 1
0 63 1
38 61 0
9 16 9
19 63 1
56 60 7
26 48 8
0 30 2
31 51 0
38 49 2
69 71 7
42 67 3
9 69 2
67 68 0
32 63 3
20 48 3
17 63 9
54 75 5
5 23 4
39 41 6
34 46 5
2 22 7
17 60 6
20 76 2
32 37 8
27 75 6
26 57 8
9 27 7
34 70 9
0 3 9
52 61 2
7 35 0
31 36 0
22 35 9
2 29 0
11 76 2
32 50 7
11 30 7
32 48 3
16 64 1
11 78 3
33 60 7
54 78 1
10 29 6
49 68 9
15 62 4
4 69 1
32 76 9
28 66 7
12 48 3
27 49 3
9 57 9
49 70 2
47 62 1
35 44 3
29 57 3
63 68 2
41 73 7
31 33 2
25 45 4
60 72 8
18 61 2
55 75 0
24 42 3
10 71 9
26 47 8
31 53 7
10 13 8
36 58 6
43 55 0
42 50 4
65 77 2
36 67 4
1 75 7
56 66 5
35 38 2
43 65 9
19 29 1
19 30 1
19 50 0
45 51 1
9 46 5
15 73 9
8 69 6
32 74 2
28 67 0
39 46 5
70 73 7
59 77 0
21 58 2
1 31 7
26 40 4
21 29 8
17 76 2
46 72 5
48 76 5
41 51 2
37 48 6
5 74 1
35 74 3
60 62 5
15 78 3
49 55 9
33 76 0
38 78 4
23 47 4
26 74 3
24 70 7
42 72 2
19 73 6
43 54 2
11 41 3
5 55 1
32 36 8
22 57 5
23 35 9
21 25 9
8 63 3
0 44 7
45 53 7
9 32 1
6 32 6
8 36 6
20 44 0
33 34 9
5 28 2
14 73 1
5 58 6
1 28 8
51 59 0
28 50 7
19 36 8
36 50 1
65 73 7
2 7 2
15 50 0
9 41 6
2 39 7
39 67 1
20 21 6
64 76 9
21 23 5
23 71 6
34 53 9
24 40 5
53 77 7
27 72 4
21 37 4
18 64 1
62 71 5
22 42 0
53 78 0
10 23 1
56 61 0
10 70 6
7 47 0
11 40 1
28 62 9
7 71 2
27 76 9
26 55 5
16 39 9
40 75 6
5 47 4
47 66 1
5 18 5
11 68 9
58 65 7
28 60 1
11 23 6
21 71 2
21 70 8
18 73 4
16 23 7
3 16 0
62 67 8
18 25 5
45 47 1
13 46 9
3 29 9
62 66 0
21 75 5
5 54 5
34 71 1
44 65 9
11 62 7
27 28 8
35 71 3
28 56 6
28 30 0
57 63 9
43 56 0
3 5 1
59 65 7
53 76 0
49 65 8
12 65 7
28 47 1
41 57 6
32 55 2
19 42 4
3 56 8
3 61 8
4 15 5
27 43 8
52 63 5
3 32 7
15 19 9
11 15 7
37 41 6
0 56 5
3 37 1
20 47 5
33 41 0
31 40 2
11 43 5
33 52 0
8 41 4
10 21 2
42 52 9
6 20 1
42 69 4
11 32 7
51 52 3
8 9 2
0 48 2
4 5 1
38 73 5
27 77 5
25 32 5
33 62 7
41 70 1
55 68 6
4 29 5
6 8 2
11 58 2
55 77 5
40 41 1
25 56 3
57 66 4
4 53 6
21 65 6
8 75 8
43 76 3
20 45 6
66 68 9
32 38 1
21 35 4
55 73 1
12 35 6
38 57 7
8 24 5
10 61 9
50 58 5
30 56 1
15 65 8
37 73 5
20 39 6
48 52 1
3 46 1
13 67 4
26 64 4
19 37 6
49 78 3
26 42 9
17 41 6
31 49 5
13 72 3
22 44 8
25 54 8
19 56 3
52 70 1
1 47 8
21 24 4
2 40 6
15 36 6
23 43 6
10 52 6
26 76 6
39 63 1
34 40 1
31 59 6
15 24 9
33 55 5
20 25 4
19 26 1
37 56 8
6 25 3
17 62 4
32 67 9
35 45 5
24 46 5
43 74 0
39 66 4
16 21 7
36 38 8
19 61 3
28 78 0
35 39 2
4 14 8
7 36 8
40 59 2
12 64 4
16 57 8
37 71 2
36 37 0
0 36 8
23 46 8
26 37 5
41 46 9
47 77 3
22 56 5
23 44 4
68 78 8
31 32 7
61 66 4
0 69 4
57 60 5
3 52 2
46 58 3
8 61 9
40 61 2
28 45 2
46 48 6
25 51 9
33 69 7
13 35 8
14 17 3
55 65 7
0 67 4
2 48 1
1 29 3
32 71 6
1 18 7
44 51 6
22 30 1
65 67 3
50 66 9
10 22 9
53 61 4
23 56 9
16 66 0
42 54 0
34 38 0
60 67 4
36 63 4
6 39 4
47 57 1
38 39 9
0 74 0
29 49 1
21 57 1
6 54 0
22 77 9
25 70 4
9 18 6
34 36 0
18 75 9
2 30 7
2 67 1
9 42 3
31 61 5
35 60 1
2 18 6
27 38 0
56 70 4
6 50 6
19 71 3
11 39 9
11 45 6
9 23 9
0 70 4
36 56 9
18 24 0
43 59 4
11 49 3
8 26 5
47 69 3
49 54 9
8 45 1
3 64 3
14 26 5
59 76 8
31 43 9
31 37 3
8 12 0
5 44 0
6 28 7
35 36 9
28 64 7
50 76 8
33 37 0
45 56 7
2 27 6
6 64 9
36 46 4
7 51 4
3 39 8
37 49 1
26 68 4
12 34 5
48 67 1
11 13 4
5 14 3
28 37 0
40 76 8
4 35 8
66 75 0
21 47 7
4 46 3
31 73 1
0 10 9
1 68 6
23 36 7
12 14 5
30 58 4
61 75 8
73 74 4
1 22 8
22 71 9
41 55 7
19 54 9
2 28 3
5 77 9
0 72 7
30 66 6
14 48 0
5 70 7
73 77 5
12 42 0
23 62 9
12 61 4
20 29 6
16 72 5
67 78 5
17 26 3
0 49 0
0 19 8
10 42 9
21 64 5
25 38 4
61 73 7
51 69 4
16 61 2
22 43 7
15 64 8
30 33 5
13 36 0
66 69 4
38 42 2
25 34 8
20 60 6
22 50 9
38 64 6
22 53 3
61 77 6
27 31 5
19 51 6
37 38 1
7 11 4
6 60 8
16 20 5
35 64 5
9 15 3
15 77 1
10 27 0
63 65 9
46 51 7
1 72 3
12 22 9
25 75 6
8 37 9
17 25 4
30 62 6
70 75 6
25 71 3
32 78 8
44 62 0
22 39 5
9 24 5
28 71 2
63 64 0
72 76 6
34 48 6
4 59 4
0 21 9
2 20 5
0 2 7
67 76 4
12 24 6
9 76 3
13 37 5
1 55 9
14 22 3
11 31 0
4 73 9
24 38 2
38 70 0
5 76 2
26 35 4
11 73 2
17 42 1
34 62 8
39 48 7
32 54 3
2 76 7
54 72 2
65 78 0
57 77 4
72 74 3
16 30 8
32 44 8
6 26 9
5 31 9
30 52 5
16 22 9
23 26 4
20 31 7
19 55 2
31 64 3
19 72 7
50 78 5
26 67 5
38 44 6
41 68 0
17 51 5
17 65 9
65 70 9
32 72 3
51 72 9
20 32 1
21 72 6
20 69 8
43 61 1
11 69 4
25 28 4
7 23 6
7 24 0
36 76 1
21 63 4
6 61 0
10 16 9
11 12 0
28 41 3
8 74 7
20 72 3
34 57 9
0 53 3
6 78 6
44 64 5
10 62 4
33 49 9
45 46 3
39 74 0
34 41 5
19 46 7
42 59 5
60 71 8
1 42 6
2 50 8
21 49 6
31 60 1
6 75 9
29 30 7
57 69 8
43 47 7
15 51 5
65 76 6
27 51 4
30 31 2
67 74 6
48 60 9
8 14 9
1 51 0
12 52 4
39 44 8
50 77 0
58 67 8
10 34 5
47 76 0
12 59 6
41 54 9
71 78 4
22 34 7
37 76 8
8 77 7
25 47 6
2 63 2
11 66 4
40 42 0
26 28 5
51 55 9
47 74 0
37 77 9
43 64 5
55 63 4
20 37 3
15 34 7
44 70 7
34 61 4
29 77 0
52 65 4
27 69 2
23 75 5
24 45 1
9 19 5
3 11 5
36 59 9
20 77 3
35 43 5
33 72 7
25 48 2
48 54 6
36 41 9
13 50 1
54 77 2
34 55 5
27 54 8
18 26 4
11 28 2
47 71 2
33 45 8
75 77 7
12 26 7
45 67 8
47 68 6
9 14 9
29 75 5
8 68 6
7 38 6
5 65 8
6 47 5
64 65 2
28 51 1
52 58 1
55 61 1
33 51 6
50 63 2
19 62 0
49 60 6
45 76 9
25 62 5
4 65 9
12 23 8
19 47 5
40 62 4
26 27 2
28 40 3
43 75 3
74 77 2
27 39 7
16 58 0
65 68 3
65 71 7
71 77 8
20 52 1
37 60 6
32 33 3
22 41 4
43 51 8
57 64 8
58 75 6
44 66 4
4 58 0
30 72 2
1 58 8
32 34 1
3 17 8
54 69 9
20 58 7
37 78 1
21 46 2
9 34 8
26 9 6 34 78 3 43 57 76 48 29 5 41 27 23 44 56 53 59 4 50 7 42 77 21 61 72 52 70 74 66 67 51 40 11 75 60 39 73 71 2 1 55 62 22 64 25 28 45 58 16
18 14 38 24 46
54 470 43 6
16 28 3
38 51 2
4 8 9
2 26 9
25 34 7
34 52 8
24 48 6
1 9 7
45 52 7
2 5 1
6 51 8
28 36 8
28 44 5
2 12 8
33 49 9
21 39 8
14 22 1
4 15 4
21 34 3
9 28 7
2 39 2
8 38 1
2 3 6
4 52 3
7 24 1
1 36 5
37 47 3
11 27 9
0 49 4
21 42 7
40 42 2
16 17 9
9 36 5
7 22 4
22 46 5
23 30 7
7 25 6
29 42 9
5 13 8
12 32 8
6 37 5
10 18 9
14 36 3
28 33 0
2 6 4
34 43 7
1 39 6
18 42 2
2 30 3
11 13 1
32 35 2
16 22 0
4 5 0
4 37 2
5 24 0
22 30 7
1 22 0
3 48 4
0 5 1
24 49 8
34 39 4
6 21 4
6 16 0
27 37 8
32 43 6
4 46 9
25 30 3
20 30 5
5 6 2
27 44 3
0 1 4
37 42 2
30 49 8
25 27 6
30 42 3
15 51 9
47 49 6
50 51 6
21 32 0
44 53 6
1 30 1
13 17 5
34 49 4
2 19 2
1 38 2
23 29 2
37 51 3
20 29 3
50 53 2
1 24 4
18 51 6
0 48 6
17 53 0
21 26 8
21 33 0
21 29 8
3 10 3
29 43 4
6 26 9
11 12 4
38 46 1
1 28 5
14 37 8
10 49 4
2 21 2
26 43 9
31 32 6
37 53 7
16 32 5
4 28 5
17 27 5
13 47 4
2 11 4
35 37 3
16 51 2
20 27 2
19 48 3
24 35 4
19 32 7
24 53 1
15 22 3
6 14 7
17 45 2
44 48 8
1 14 4
35 42 9
43 44 7
11 52 4
27 40 0
15 38 8
9 24 0
7 35 4
9 25 3
46 53 0
45 50 1
12 17 3
25 51 3
2 22 8
7 41 6
39 52 5
9 16 8
14 44 3
9 21 1
0 40 8
49 51 0
8 9 7
31 35 0
30 36 7
12 50 9
36 42 0
23 42 7
22 47 2
30 51 0
35 51 9
1 40 0
12 14 6
12 45 7
3 33 5
17 26 6
44 50 8
3 34 6
11 36 0
12 28 6
49 53 6
18 50 2
13 49 8
1 32 6
43 51 0
37 46 1
0 14 7
4 31 9
0 27 4
22 33 5
1 26 1
4 13 0
24 31 7
31 51 4
22 34 6
1 10 7
0 35 5
2 27 3
8 10 9
29 34 6
29 41 1
6 43 5
28 41 6
16 30 5
44 46 2
41 51 1
7 29 6
12 13 0
17 31 1
5 26 4
32 50 7
5 12 3
6 15 7
12 20 1
13 53 8
11 41 6
35 36 4
5 48 0
49 52 7
30 50 6
22 32 9
18 45 7
14 25 7
35 38 3
41 48 2
31 42 3
5 18 7
27 29 7
28 31 6
3 6 4
23 39 3
23 45 6
17 21 9
35 47 8
15 49 5
21 45 4
22 39 1
4 14 2
12 30 4
6 42 9
0 45 1
21 44 7
3 44 3
19 44 4
43 49 8
36 43 9
20 33 8
32 40 8
10 12 6
21 28 6
6 11 1
37 39 5
41 45 9
29 30 0
8 45 4
2 50 7
8 28 1
13 32 9
16 36 0
36 41 0
9 49 5
0 11 8
13 37 6
11 15 3
45 48 7
47 53 8
4 41 9
16 41 0
9 15 2
24 47 5
16 46 0
14 19 4
21 37 4
49 50 6
28 45 3
1 19 7
9 46 0
25 41 1
27 36 1
17 29 1
13 40 8
29 48 4
1 23 3
12 15 3
2 18 7
29 50 2
24 40 8
2 14 7
26 38 6
11 25 2
16 38 2
25 39 2
4 48 8
9 37 6
26 29 6
1 27 8
11 48 6
25 38 9
31 46 5
18 31 8
2 40 4
23 35 2
33 47 1
7 30 2
13 14 0
14 17 1
8 35 8
6 18 2
32 51 8
2 13 5
11 47 7
31 45 2
28 40 8
28 51 5
23 33 7
22 45 0
34 37 3
36 46 8
39 51 5
33 38 8
15 24 2
22 40 2
21 48 5
37 52 1
17 34 0
20 47 6
7 39 1
6 48 4
28 35 3
10 39 0
4 32 2
20 21 6
3 21 2
11 21 0
15 46 1
17 43 5
26 40 8
2 46 2
15 43 4
6 30 7
4 11 1
22 37 0
7 8 1
10 44 7
37 38 3
7 51 7
19 20 0
16 40 2
10 25 5
5 22 9
30 38 1
9 11 7
7 50 5
22 48 2
18 37 4
17 30 8
1 44 1
20 26 8
23 32 2
25 36 9
11 44 3
6 44 9
30 40 1
39 49 0
39 47 1
13 36 9
40 49 4
3 39 6
35 40 0
29 44 5
7 37 7
20 51 0
11 17 6
33 50 4
28 52 7
2 48 6
34 41 4
15 39 9
1 20 7
5 44 1
6 32 4
20 23 3
10 13 7
2 36 1
46 50 0
2 33 1
21 35 8
4 49 0
3 18 7
1 7 8
6 8 8
21 46 3
7 17 1
29 36 6
2 45 1
6 53 3
1 45 6
38 50 0
17 32 6
17 52 9
15 37 4
10 46 4
32 34 7
15 34 1
31 43 3
20 45 1
33 37 6
10 21 6
29 45 1
12 36 3
25 32 3
12 25 3
13 44 8
1 53 8
5 15 9
25 44 2
6 24 7
0 15 7
14 49 0
29 52 5
14 46 5
31 40 7
2 53 5
16 24 6
22 38 4
22 36 5
11 53 5
26 34 6
16 31 7
7 12 4
4 27 9
9 44 4
6 45 1
13 45 1
17 50 7
10 15 7
13 22 0
19 41 9
1 6 2
29 39 0
11 34 7
17 41 7
4 34 2
11 19 6
26 42 1
8 43 2
5 42 5
21 52 5
27 35 1
42 51 8
14 18 4
0 22 2
33 39 3
2 24 5
5 50 1
6 22 3
32 47 8
20 37 7
29 46 1
5 52 9
11 14 2
7 46 4
18 25 3
30 31 0
4 35 9
23 34 4
7 34 2
6 29 2
7 44 9
3 7 9
9 40 8
18 30 3
12 44 0
5 28 5
9 32 7
34 47 6
3 49 8
0 31 2
0 29 3
5 40 0
4 25 9
38 44 0
8 15 6
35 46 4
10 32 7
2 49 0
15 50 6
3 47 18 30 36 24 29 45 50 26 10 33 15 12 4 9 17 34 22 27 38 19 48 13 43 23 2 31 7 0 37 52 11 40 20 32 16 42 6 41 14 46 28
53 5 35 49 39 21
28 97 8 1
0 25 2
1 5 6
11 17 3
13 23 4
2 26 4
7 10 7
22 27 6
5 10 4
5 16 9
2 17 8
13 15 1
17 21 9
8 18 6
5 7 8
15 24 5
24 25 0
11 25 5
3 27 8
14 25 1
2 24 0
12 23 9
14 23 3
9 26 2
9 27 9
19 27 9
3 5 3
7 26 9
2 13 1
12 26 0
1 15 6
14 22 6
5 14 6
6 14 1
6 26 9
5 25 4
18 26 1
2 18 0
8 10 3
10 22 8
7 20 0
13 21 2
25 27 3
9 16 5
6 20 9
0 22 7
26 27 3
13 20 3
10 12 7
4 27 8
11 19 0
3 21 6
4 8 2
1 18 5
21 24 3
9 22 4
9 23 9
0 7 1
15 21 0
6 15 9
14 24 9
13 18 1
5 11 8
7 14 7
7 9 7
1 22 0
4 19 1
2 9 0
10 11 1
9 18 1
9 12 8
7 25 2
14 26 7
18 25 6
4 22 0
7 8 9
2 12 2
10 20 3
23 27 6
0 3 6
2 6 4
3 20 7
20 23 8
5 19 4
6 22 2
25 26 4
2 4 3
24 27 5
3 19 5
17 18 9
11 27 2
13 25 4
1 17 1
3 16 3
12 13 6
21 25 7
14 27 3
10 16 1
5 26 13 22 18 15 8 0
17
33 182 26 3
5 18 3
7 18 9
0 25 9
3 8 8
18 20 2
14 31 8
1 18 8
20 30 1
1 22 3
14 27 3
23 28 0
7 17 0
4 15 0
13 22 5
6 10 7
16 28 5
17 32 1
26 30 6
4 28 1
3 13 0
1 10 6
11 14 1
16 25 4
1 27 4
18 30 2
13 17 6
1 2 8
4 31 6
11 31 3
8 21 2
2 6 1
16 19 7
20 31 0
3 12 0
13 32 9
2 32 6
11 27 9
10 22 2
16 29 4
10 16 9
18 26 7
3 17 0
7 22 1
9 10 1
10 18 8
5 6 3
16 20 8
13 26 3
22 28 9
20 26 8
22 25 9
23 32 3
8 10 8
14 24 8
4 10 5
1 16 7
20 27 1
29 32 9
1 8 3
16 27 2
18 24 4
17 21 4
12 32 4
8 30 2
6 12 7
4 22 9
2 3 1
23 27 3
3 31 6
3 21 7
26 31 5
3 23 8
4 5 4
2 7 9
19 22 1
8 17 0
0 3 0
0 19 5
21 24 0
24 30 2
5 19 2
20 25 0
1 11 8
19 24 7
9 21 5
18 31 0
1 29 3
3 19 6
17 28 0
7 15 5
13 29 8
10 26 0
10 11 0
13 21 1
9 22 1
11 13 1
6 7 9
3 7 7
5 10 0
7 27 0
6 24 3
12 25 9
5 32 3
21 25 0
11 30 6
20 23 7
15 32 5
5 7 0
22 31 6
3 4 3
6 11 1
25 27 8
11 16 3
30 32 4
9 25 8
9 18 1
7 10 6
27 31 2
0 26 3
7 30 9
8 22 8
11 24 4
7 20 4
14 22 5
5 11 6
11 26 4
18 23 6
2 22 7
0 24 4
14 26 2
10 24 4
6 15 9
16 26 0
15 20 3
0 15 2
11 17 8
28 30 7
15 31 1
12 16 0
13 19 4
4 13 9
4 6 8
3 14 3
12 31 7
4 23 3
0 14 6
2 28 9
4 7 5
13 31 7
15 19 3
2 15 4
24 25 6
17 22 5
20 22 9
9 28 5
0 21 1
16 21 2
22 24 9
0 4 4
1 21 1
0 17 4
23 30 0
7 23 9
3 30 4
25 29 2
9 24 8
8 18 9
11 32 1
21 29 8
5 23 3
6 30 6
2 14 8
8 29 9
2 9 1
13 20 0
17 27 9
10 23 2
14 21 8
0 1 5
4 30 4
27 32 3
6 8 4
16 15 4 27 17 29 6 30 20 18 11 8 9 12 28 7 14 5 0 2 25 10 22 21 3 31
26 32 19
65 1722 3 57
1 37 3
7 30 0
16 29 7
10 15 2
4 20 7
43 54 6
5 6 0
20 43 0
2 14 4
21 46 7
22 47 2
12 53 6
45 46 2
3 16 2
32 46 1
29 53 3
33 63 8
14 47 9
21 31 8
6 44 4
37 59 2
6 24 7
28 54 3
17 46 8
0 35 6
23 41 7
3 25 0
13 39 4
1 17 6
38 49 4
25 45 0
26 63 0
6 22 6
10 54 2
19 55 7
16 58 0
61 63 1
49 64 3
1 19 0
33 57 5
46 63 1
39 57 0
8 40 8
32 33 7
13 42 1
10 43 0
34 61 6
14 25 2
41 55 7
35 52 6
4 9 3
1 28 8
7 56 6
33 38 6
27 60 7
37 64 1
43 46 8
47 48 5
33 58 8
34 55 1
48 51 0
24 51 0
11 42 1
17 49 8
11 49 4
19 39 6
26 56 3
7 27 7
15 42 2
16 48 7
53 58 9
11 46 2
38 40 5
17 19 4
8 21 8
49 60 7
4 48 8
3 36 0
26 37 0
10 21 0
3 53 4
31 32 0
36 39 8
20 48 5
10 61 9
9 27 8
10 44 4
23 55 8
10 57 0
26 51 3
16 59 8
18 28 2
50 55 1
2 42 3
7 63 4
0 52 5
10 24 3
20 24 2
28 62 7
6 30 0
5 46 2
13 33 4
18 47 5
8 9 6
22 28 6
1 38 9
7 21 8
13 62 5
7 42 1
50 57 6
26 36 2
42 52 9
4 11 4
4 33 9
9 25 5
19 26 4
38 62 2
19 21 6
16 31 9
46 51 7
40 48 3
18 62 9
8 32 1
20 29 1
12 19 6
20 51 0
39 50 2
22 50 8
58 59 5
24 46 1
39 48 2
32 61 3
53 62 6
49 55 4
1 4 1
22 48 5
61 64 4
17 58 9
16 18 2
3 27 6
2 47 3
25 50 6
28 57 7
1 59 1
23 32 4
30 48 6
0 12 0
8 16 0
19 35 5
31 33 9
10 34 9
28 52 7
5 49 3
21 55 9
10 60 9
10 27 6
32 56 2
41 45 0
30 57 1
19 24 6
12 59 0
1 41 8
25 40 2
18 33 8
16 50 3
2 35 5
35 62 4
47 56 3
58 63 7
6 53 9
29 54 6
5 61 4
21 41 6
31 38 1
7 11 9
20 58 0
5 51 1
15 18 1
9 49 9
44 62 2
38 63 7
3 12 7
11 20 9
63 64 1
37 42 9
31 52 6
35 43 1
44 50 2
5 62 4
48 58 9
13 64 8
30 49 6
9 14 8
18 43 2
33 35 7
19 34 5
0 38 7
31 58 3
28 64 6
31 63 6
11 21 0
27 42 4
8 33 6
3 40 9
30 44 6
57 58 8
0 63 8
9 54 7
15 20 1
30 42 0
58 60 6
54 57 3
3 38 8
0 31 1
2 27 7
19 48 3
8 30 6
4 58 2
30 51 3
23 47 9
34 62 1
56 60 2
7 17 8
2 46 2
14 30 6
15 28 4
2 9 9
50 52 0
34 36 0
14 50 5
7 26 8
32 64 9
20 60 2
32 34 2
23 56 0
8 28 4
39 64 9
30 64 9
11 34 7
41 58 7
25 48 4
5 55 7
24 30 6
22 63 6
7 41 1
23 31 8
6 63 4
43 61 5
25 30 4
18 38 7
44 64 9
5 36 6
44 51 3
1 3 5
12 61 8
33 47 9
6 18 0
18 58 8
13 34 9
11 57 5
15 50 3
14 48 9
12 33 9
14 59 5
51 58 2
3 24 3
22 31 1
5 24 3
10 16 6
9 59 6
17 30 0
51 54 4
40 50 9
29 49 0
2 5 6
55 59 6
26 47 5
0 23 5
10 37 6
6 55 4
38 53 5
19 40 8
39 54 5
12 36 4
40 59 7
10 23 4
27 50 7
30 31 2
29 50 2
1 32 1
16 30 2
52 61 4
6 23 5
13 53 6
18 49 9
7 36 9
17 60 6
25 31 5
2 59 9
3 29 3
12 41 3
12 52 0
54 64 5
24 54 3
28 47 5
2 55 4
26 60 8
44 56 0
11 63 3
52 59 2
35 46 5
10 11 7
10 62 6
12 50 1
26 40 5
7 54 5
50 56 5
22 51 0
22 56 0
0 48 8
23 46 7
13 37 3
39 59 7
13 61 9
27 58 1
27 52 1
13 49 2
7 60 6
20 44 4
38 57 9
4 63 8
13 18 8
8 45 6
17 25 4
15 59 5
36 45 5
8 39 0
10 25 1
55 57 7
0 24 9
21 57 6
1 36 1
44 61 1
7 45 9
49 61 2
0 9 0
45 59 0
26 62 4
10 29 8
29 56 7
0 5 5
12 25 0
46 55 0
7 62 7
45 60 2
29 62 7
38 61 5
30 61 9
47 52 2
14 41 4
60 61 4
10 12 9
29 39 6
28 63 5
0 1 6
11 37 3
11 43 0
31 36 9
1 50 8
49 54 8
35 41 6
9 23 2
43 58 7
5 7 9
20 26 5
28 53 9
2 15 4
27 56 4
27 30 4
26 49 9
32 60 6
45 47 6
8 60 2
9 64 6
4 38 0
7 22 7
22 62 9
3 44 8
40 44 0
18 56 8
7 20 3
56 58 7
2 23 2
51 56 5
21 58 8
31 45 3
11 18 7
9 39 9
0 50 7
9 35 5
49 56 5
29 57 7
51 52 8
13 23 2
3 30 5
43 45 9
3 51 8
15 16 8
8 38 4
8 12 1
8 14 8
36 52 0
41 53 1
7 51 5
54 58 5
40 45 0
49 62 3
5 11 2
12 56 1
4 57 8
0 45 1
40 43 0
11 56 2
57 59 7
7 13 5
27 63 2
11 24 2
13 58 9
19 37 3
27 44 7
25 57 5
14 33 9
60 63 3
28 36 8
11 64 5
3 50 3
0 4 7
0 29 2
24 47 4
18 45 2
9 57 6
22 41 9
6 13 0
28 44 9
31 48 7
46 61 4
59 63 4
37 51 6
8 54 9
20 25 0
5 31 2
8 18 9
27 47 6
0 30 4
10 51 7
20 40 9
0 58 4
20 55 5
7 15 0
6 59 2
15 55 4
10 53 1
53 59 3
19 64 5
14 36 4
37 58 4
27 43 9
40 60 0
15 48 8
33 51 9
14 34 2
45 61 2
2 25 4
2 6 7
6 48 8
8 36 2
43 50 2
44 54 1
9 42 5
5 15 1
0 27 8
40 56 3
11 47 8
0 44 4
3 41 9
42 46 6
0 34 6
9 61 4
5 52 1
9 29 5
3 49 9
43 49 3
11 44 4
33 46 6
13 48 3
0 2 4
12 63 6
13 38 5
21 45 8
45 51 8
2 58 3
13 31 9
2 16 5
43 55 0
19 61 1
44 55 7
0 42 2
7 33 4
10 46 1
3 31 8
34 64 4
14 46 8
6 25 9
5 57 8
14 45 8
34 45 6
17 23 8
21 32 2
3 19 7
38 44 8
10 17 4
26 58 1
12 39 4
24 48 9
33 54 1
46 59 4
26 61 3
16 62 0
1 39 9
5 20 7
9 13 2
42 58 7
20 31 2
12 14 8
18 50 5
10 30 4
16 61 2
23 64 7
10 52 3
21 47 3
4 41 5
41 54 1
17 50 7
2 43 0
25 29 2
11 29 7
3 20 0
39 62 6
24 25 1
23 58 6
38 41 2
5 38 6
39 42 9
59 62 7
25 37 6
16 27 1
24 29 6
9 48 4
2 34 4
6 34 7
18 46 4
5 30 9
28 60 9
6 21 2
52 55 4
49 50 1
24 58 4
56 63 6
19 38 0
10 50 8
21 64 8
34 63 1
37 44 5
17 38 2
1 27 2
6 9 0
55 58 2
15 39 0
9 20 4
1 34 5
3 64 4
24 38 8
2 62 9
52 60 1
5 10 8
15 47 7
0 33 0
30 36 0
34 37 6
13 41 5
3 61 7
27 32 1
16 55 7
36 38 8
10 64 6
12 46 5
9 46 8
27 36 5
16 32 1
14 19 7
2 26 0
7 57 2
2 49 8
19 22 8
39 63 3
12 20 9
0 43 0
17 40 1
24 53 6
10 58 9
27 54 4
56 64 2
4 18 4
18 63 0
5 44 0
4 28 7
4 53 5
12 54 8
31 49 7
22 23 3
10 45 1
6 40 5
18 53 4
36 49 7
12 47 0
15 33 4
48 61 6
18 20 7
36 59 4
18 19 7
36 54 1
28 31 7
5 22 4
3 54 7
35 40 2
25 47 8
30 59 1
24 42 0
21 23 8
42 60 4
18 61 8
41 42 1
0 7 8
24 52 0
7 49 0
46 50 1
33 64 8
2 54 1
13 60 4
42 59 7
4 52 6
5 40 2
3 43 4
25 46 4
60 64 3
19 50 4
5 41 0
21 42 2
39 41 6
26 52 5
15 36 8
12 16 8
19 42 1
15 24 6
11 53 9
22 29 6
6 56 9
58 64 8
36 61 8
20 27 2
10 48 8
2 64 8
3 28 0
20 50 3
31 46 3
19 63 3
15 25 8
32 45 3
42 61 3
9 11 3
41 51 2
9 43 8
24 64 9
9 38 6
1 16 1
36 64 7
17 59 9
47 64 9
14 39 2
20 64 4
17 55 5
13 21 4
6 17 8
22 39 6
49 53 2
31 40 6
22 34 4
18 32 0
9 50 6
24 50 2
13 27 4
30 47 7
17 37 2
28 55 4
13 36 3
22 35 8
1 10 2
13 44 0
47 50 6
14 51 1
28 49 6
16 56 2
3 26 3
6 36 6
17 52 3
21 34 4
27 46 6
23 24 4
25 56 8
1 20 8
38 48 3
33 40 5
15 49 4
36 42 5
20 41 9
10 36 4
9 18 5
47 54 5
8 34 4
18 39 7
14 24 5
4 36 9
9 16 0
34 40 7
22 26 0
32 54 8
20 22 8
22 64 1
28 61 0
11 54 8
9 53 0
8 35 7
15 60 2
8 11 7
35 63 4
9 17 8
37 38 4
53 56 5
8 22 9
35 44 1
1 21 2
41 47 1
27 28 1
4 24 4
13 46 3
17 28 9
51 59 4
36 47 5
3 9 6
33 48 3
55 61 1
10 22 7
4 64 0
9 36 9
2 57 2
20 46 0
14 58 4
6 49 7
1 30 0
41 60 1
55 63 2
17 22 9
0 40 7
3 32 9
13 40 0
15 43 4
48 50 1
15 58 6
21 61 7
11 60 8
23 60 9
39 60 2
53 54 1
1 42 8
5 8 6
17 61 6
50 59 6
11 39 0
2 40 7
58 61 0
21 62 3
42 45 1
23 25 6
4 26 3
16 38 9
5 29 0
45 64 9
19 36 2
49 63 9
6 37 7
23 36 6
43 48 7
26 41 7
3 8 8
30 54 2
21 51 2
28 46 4
12 55 3
24 36 9
10 47 6
6 29 9
18 44 9
1 11 8
1 44 2
13 22 4
4 25 6
31 62 4
43 64 1
29 64 9
16 25 2
16 33 2
31 44 4
3 10 5
8 46 5
40 58 9
5 50 9
5 12 8
36 44 4
9 62 8
12 23 5
11 41 4
21 48 1
35 45 9
23 53 7
29 47 8
11 59 8
41 56 3
13 29 1
14 15 4
16 46 0
43 59 5
28 34 3
35 61 8
44 63 6
9 33 7
49 51 8
25 62 8
1 18 4
37 63 5
11 30 1
44 45 5
7 40 5
15 45 5
10 49 3
17 54 3
20 42 3
30 39 2
42 64 6
8 49 2
18 31 4
0 51 2
4 55 3
21 38 5
4 21 1
12 13 0
37 55 1
16 21 4
10 42 5
35 47 0
45 57 5
4 16 3
18 30 9
41 57 7
39 51 6
47 51 7
0 55 6
11 15 4
39 40 7
30 46 4
17 48 4
33 45 0
28 58 4
20 47 2
51 61 3
7 16 6
34 53 8
22 40 5
18 59 2
37 53 0
20 49 2
23 43 4
2 45 1
9 15 7
0 10 1
24 31 5
10 41 9
27 45 6
38 55 3
7 32 1
29 63 0
19 60 0
25 54 2
10 33 9
2 32 6
16 20 7
2 30 0
17 56 3
24 62 2
12 18 0
4 62 4
40 52 4
8 43 1
28 39 6
23 28 3
4 22 0
3 60 0
29 46 3
20 21 7
14 17 4
17 31 7
32 43 4
15 61 1
36 57 0
26 39 9
9 37 7
8 55 3
8 52 4
8 63 0
2 31 8
24 26 2
21 60 7
5 53 0
29 40 5
11 28 7
31 56 7
3 6 7
5 37 3
47 55 5
23 33 2
7 61 0
27 35 4
34 47 8
23 49 7
38 47 6
16 37 3
17 32 2
35 49 4
35 42 7
11 40 0
14 60 6
41 48 9
26 53 4
27 64 8
19 28 0
12 44 9
25 44 3
14 32 0
57 62 4
0 11 6
20 39 2
20 28 6
5 63 3
36 43 9
25 64 7
21 43 6
24 33 1
32 44 3
60 62 1
14 42 1
32 49 1
24 41 9
26 38 3
25 28 4
22 61 7
22 36 8
26 29 8
20 30 4
5 17 1
54 56 5
3 59 7
62 63 8
14 44 8
46 47 1
26 44 6
16 17 9
24 44 5
6 7 2
14 40 6
42 50 8
15 53 9
48 60 5
8 41 2
18 35 3
9 28 0
8 37 5
33 52 5
30 50 3
13 26 2
54 59 7
10 26 2
46 57 3
0 36 7
53 60 7
5 18 2
17 18 6
31 41 7
21 37 9
16 54 3
51 63 5
10 18 6
17 44 5
28 48 2
2 52 3
43 47 1
5 56 1
32 39 3
12 64 8
54 55 7
43 62 9
24 35 3
48 63 0
10 28 5
29 60 9
32 38 8
59 60 8
19 33 4
45 53 9
14 38 5
6 39 8
3 55 6
12 34 8
48 53 0
2 33 4
35 54 1
3 46 3
4 8 6
7 50 0
4 43 7
8 62 3
40 63 9
8 15 6
24 57 1
8 13 2
42 49 2
7 46 8
4 15 2
0 39 1
15 19 8
6 41 1
24 55 8
19 31 7
24 60 1
21 26 0
11 19 5
12 42 3
32 62 3
17 45 6
39 58 0
18 52 1
42 55 3
9 24 5
15 57 4
42 53 2
32 50 3
21 39 9
3 37 9
12 30 7
8 64 8
34 52 9
44 49 5
12 38 1
30 38 4
5 25 6
16 43 9
16 41 7
15 54 8
9 32 3
23 44 3
15 38 9
25 55 1
1 8 4
26 55 1
11 51 0
40 54 3
9 34 4
19 25 4
8 26 6
51 64 4
23 38 0
3 13 5
7 25 5
23 48 5
12 43 4
8 58 3
32 42 5
33 62 7
7 58 6
13 51 5
32 59 3
3 33 1
21 29 8
25 39 6
5 33 1
13 55 3
36 40 4
2 22 5
5 58 6
25 35 1
6 8 2
14 20 1
39 61 8
14 31 6
5 27 9
38 42 2
55 56 6
12 48 5
15 44 5
27 29 8
2 11 9
13 63 6
8 48 1
6 27 1
43 51 8
4 59 6
44 52 8
20 35 0
56 59 5
31 54 2
12 15 0
31 55 5
5 47 2
16 23 3
19 20 2
39 44 9
40 51 3
9 10 1
14 23 6
7 55 5
22 57 5
39 53 8
50 53 6
29 43 3
8 56 8
0 8 2
1 14 2
43 57 1
8 20 3
46 52 4
28 33 3
30 62 0
24 63 9
28 40 1
20 53 5
27 53 3
25 41 4
2 12 4
16 22 1
9 51 3
24 49 1
16 28 6
0 22 1
23 37 8
1 60 4
22 27 9
2 20 2
21 53 1
3 34 2
8 23 4
5 59 2
14 56 1
19 57 9
0 47 8
19 52 4
6 28 1
42 48 7
24 43 3
4 10 7
49 59 3
50 54 4
36 50 2
5 64 5
7 43 4
29 37 9
30 33 1
15 37 6
0 54 6
37 61 9
52 58 8
8 25 3
13 32 0
12 31 0
3 42 5
20 62 7
41 46 5
14 18 8
44 53 8
4 12 9
15 35 6
4 30 2
54 62 2
19 27 6
6 33 9
28 50 1
39 49 9
23 51 4
15 30 9
6 32 3
17 20 0
41 43 8
44 59 1
44 58 8
47 58 5
15 46 1
29 41 5
3 21 1
36 48 0
42 43 5
6 61 4
5 21 4
1 23 5
20 57 7
25 36 4
25 63 0
50 64 8
52 64 6
23 29 4
18 34 3
10 63 2
30 35 4
11 33 0
22 59 6
13 50 0
16 49 4
48 55 3
14 37 1
14 43 5
29 51 8
3 23 3
37 47 8
15 21 3
22 24 6
41 50 8
35 48 8
13 47 0
0 18 1
48 57 3
23 40 4
10 40 5
33 34 8
50 62 1
13 52 4
19 45 3
1 57 6
13 59 4
19 47 1
14 52 3
10 20 6
1 43 0
2 53 3
15 41 0
1 2 1
32 47 0
12 58 5
48 52 9
48 56 2
45 52 7
21 25 1
11 52 0
53 57 8
37 45 3
17 34 6
11 62 2
6 45 8
24 39 5
2 51 9
31 57 8
34 48 8
28 41 2
20 56 3
35 59 8
21 49 8
6 20 1
5 43 0
46 49 4
11 50 9
41 63 3
19 53 1
20 63 3
3 57 0
19 41 8
6 46 5
4 7 5
17 33 9
3 56 8
28 32 4
10 31 5
27 39 2
36 46 3
17 35 5
19 51 0
4 5 3
3 5 2
29 35 6
19 32 1
22 58 2
35 37 8
56 57 5
23 27 2
21 54 1
30 60 2
2 4 1
30 56 5
16 39 7
19 29 7
9 44 1
31 34 5
7 35 8
28 38 5
23 52 7
25 42 7
32 48 2
10 19 1
43 44 2
1 6 2
7 47 2
11 61 6
37 40 3
17 53 9
33 43 6
4 32 7
40 47 1
6 60 3
11 32 5
0 61 1
0 26 3
47 60 4
43 63 0
26 48 3
7 14 2
35 53 9
1 26 6
20 38 2
52 54 9
22 44 2
4 39 7
16 35 1
4 60 6
17 47 6
4 40 4
47 63 2
53 61 0
13 28 0
44 47 6
18 55 6
11 55 6
32 41 4
25 59 2
59 61 8
5 14 4
12 22 8
53 64 7
28 42 8
34 50 1
30 41 1
1 53 8
23 45 9
30 53 0
46 58 3
57 63 5
3 15 5
2 18 7
2 24 6
43 53 4
21 35 2
15 17 1
16 53 2
41 44 4
0 14 7
1 35 6
13 25 9
32 40 5
1 5 8
5 45 5
17 29 5
39 52 8
3 52 1
25 61 5
11 17 6
22 38 8
54 63 3
0 19 7
1 62 3
17 43 1
33 56 9
14 22 7
20 23 4
5 16 0
0 46 4
29 42 1
13 16 4
56 62 2
18 22 2
8 31 5
9 52 6
18 26 9
26 45 1
56 61 2
16 45 1
5 60 6
2 28 3
36 60 3
28 29 9
43 52 0
35 38 0
34 59 1
37 46 6
5 28 9
30 34 2
32 55 0
30 45 7
32 51 2
33 49 1
19 46 2
19 44 0
26 28 0
38 46 2
46 54 6
40 57 4
24 28 5
13 20 6
17 21 1
3 18 6
12 24 2
21 52 5
31 59 5
35 36 1
31 64 4
18 36 2
27 37 2
52 56 5
39 45 5
32 63 1
40 41 6
58 62 9
28 30 8
51 60 0
16 40 6
5 48 7
25 60 5
22 43 9
16 64 4
4 44 0
18 29 6
36 51 1
21 40 8
20 54 0
4 45 9
34 38 4
30 32 7
6 50 9
15 22 6
31 60 7
61 62 5
21 28 1
28 45 3
8 29 9
32 37 6
0 3 7
9 30 7
55 64 1
20 32 6
9 21 7
44 48 1
32 52 1
1 52 5
38 45 7
3 47 3
26 64 5
30 40 3
12 27 7
6 35 9
9 58 3
6 10 3
22 25 4
24 32 5
1 48 9
30 58 2
21 36 1
38 39 2
8 51 5
42 56 1
15 29 2
28 56 1
34 44 4
29 59 6
35 51 8
34 35 6
0 6 6
26 42 6
28 59 4
4 34 9
29 30 4
38 43 5
33 61 2
14 49 3
39 55 0
25 34 3
46 56 2
8 27 3
26 57 0
0 57 0
27 57 7
44 46 3
4 35 0
48 49 8
42 57 7
10 56 1
7 52 9
5 19 0
36 62 9
18 51 2
10 39 3
17 36 0
13 19 1
12 28 3
1 58 0
8 50 2
9 31 5
12 57 0
52 63 7
37 56 1
15 31 8
31 53 5
4 23 9
41 61 3
15 40 5
14 55 8
12 35 4
1 7 8
23 63 0
50 61 2
46 64 0
21 30 3
17 64 7
29 61 7
15 62 3
7 8 8
28 35 5
6 19 3
13 15 7
20 59 7
46 60 2
45 62 3
20 52 3
4 6 4
9 19 6
4 61 3
21 24 5
22 52 5
1 55 9
3 63 6
29 33 0
26 32 5
50 63 3
33 36 1
12 51 8
39 43 9
7 48 7
40 42 6
12 21 0
47 57 0
8 47 3
37 54 2
52 62 9
2 39 1
14 53 2
18 25 8
45 56 2
46 62 0
9 55 8
1 33 5
1 46 1
35 58 8
4 29 9
29 55 9
26 34 0
7 9 6
2 50 3
24 56 9
38 52 7
23 50 2
7 34 7
23 59 4
10 32 6
7 44 1
27 55 4
1 31 9
6 43 0
35 64 8
26 54 1
21 33 9
7 39 1
1 51 1
36 37 3
5 34 3
7 12 6
2 21 1
39 46 9
38 54 9
9 26 8
8 42 0
16 36 4
35 57 3
55 60 4
10 35 3
38 60 2
7 29 1
37 57 9
23 30 8
49 57 4
32 58 0
37 39 7
13 24 5
14 16 9
51 62 4
1 54 9
24 27 2
48 59 3
25 33 3
33 60 9
18 64 6
37 50 1
42 51 4
3 14 1
3 4 8
46 48 8
37 43 9
18 21 0
12 62 4
15 32 3
2 56 6
15 56 1
24 61 7
19 30 0
16 42 6
9 56 3
18 42 4
48 62 9
20 37 2
5 23 0
18 41 4
19 49 2
6 16 8
38 56 8
36 41 1
44 60 0
3 22 6
28 51 6
10 13 6
22 37 9
15 64 9
38 58 1
14 35 6
7 18 5
0 16 3
3 48 0
28 43 9
25 53 5
4 31 4
11 25 0
5 13 9
7 10 5
4 51 3
0 17 4
20 45 2
1 25 5
43 56 2
59 64 3
0 28 1
7 37 2
6 15 4
0 56 3
24 40 4
16 51 5
62 64 5
9 12 2
31 39 0
21 50 9
17 51 1
36 53 9
19 56 9
4 19 2
13 35 6
9 22 8
18 37 5
42 63 3
16 60 7
47 62 7
5 39 5
23 57 6
36 55 7
17 27 8
1 13 4
14 54 5
15 34 1
30 52 5
21 27 2
2 61 9
53 63 6
12 37 7
16 44 9
40 49 6
9 41 7
15 63 9
33 50 6
33 44 8
18 60 2
34 51 4
23 62 8
26 33 5
39 56 5
12 26 1
57 6 34
7 0 23 56 14 5 60 43 19 42 9 1 45 61 35 30 55 16 17 53 44 10 29 28 46 12 51 47 8 59 40 37 18 58 24 52 22 26 48 3 20 13 38 11 2 54 27 32 31 36 64 63 39 50 41 21 33
36 25 22 0
12 26 1
2 5 0
30 31 0
4 10 6
6 14 3
2 11 3
12 17 4
18 21 4
14 28 7
13 27 8
9 23 3
7 16 6
24 28 2
1 26 1
3 14 2
19 35 4
6 26 6
18 24 9
1 8 9
26 34 8
10 30 6
11 25 5
21 25 8
3 7 3
11 14 5
18 22 14 17 2 34 19 7 25 10 5 28 1 11 26 3 21 0 8 9 23 16
